
algorithm=kd_tree

Accuracy = 60.40061633281972
Time taken = 0.29184579849243164 sec
Confusion matrix :
[[51  0  0  1  0  2  0  0  0  1]
 [ 0 57  1  8  0  6  1  0  0  0]
 [ 0  0 53  0  0  6  4  0  0  1]
 [ 0 17  0 25  1  1  0  1  0  0]
 [ 2  2  1  4 32  0  0 10  3  2]
 [ 0  5  7  6  0 50 12  3  0  0]
 [ 0 13  6  7  0 21 22  1  0  0]
 [ 0  0  0  4  6  3  2 46  3  3]
 [ 4  3  0 13  5  2  3  8 27  5]
 [ 7  0  3  2  4  2  0 16  3 29]]

Accuracy = 59.47611710323575
Time taken = 0.5828297138214111 sec
Confusion matrix :
[[47  0  2  1  0  0  1  1  0  0]
 [ 0 60  0  3  0  3  6  0  0  0]
 [ 0  0 52  0  0  5  3  1  0  0]
 [ 0 23  0 23  0  1  3  2  0  0]
 [ 1  7  0  7 28  1  2  8  3  4]
 [ 2 15  2  2  0 46  7  2  1  1]
 [ 0 21  5  8  0 11 29  2  0  0]
 [ 0  4  0  8  4  7  3 35  0  0]
 [ 0  8  1  4  8  1  7 11 35  2]
 [ 1  0  2  1  4  2  0 15  3 31]]

Accuracy = 56.240369799691834
Time taken = 0.9397718906402588 sec
Confusion matrix :
[[43  0  0  3  0  1  1  1  1  0]
 [ 0 64  0  0  0  4  3  0  0  0]
 [ 0  0 54  0  0  6 10  0  0  0]
 [ 0 28  0 22  0  1  0  0  1  0]
 [ 0 10  0  9 31  1  1 17  2  3]
 [ 0 22  4  2  0 38  7  1  0  0]
 [ 0 34  2  4  0  9 28  1  0  0]
 [ 0  5  0  6  2  2  5 29  1  0]
 [ 2  8  0  7 11  2  5  6 33  1]
 [ 0  2  2  0  5  6  2 14  1 23]]

Accuracy = 54.08320493066255
Time taken = 1.25400972366333 sec
Confusion matrix :
[[36  1  1  4  0  1  1  1  0  2]
 [ 0 60  1  4  0  2  2  0  0  0]
 [ 1  0 55  0  0  6  7  0  0  1]
 [ 0 26  0 20  0  0  0  1  0  0]
 [ 1  7  1  7 35  1  2 11  0  0]
 [ 1 12  4  4  0 47  7  0  0  0]
 [ 0 28  6  4  0 14 33  0  0  0]
 [ 2  8  0  9  4  7  2 20  3  1]
 [ 2  9  0 17 13  3  2  7 21  2]
 [ 1  3  4  2  3  6  0 16  0 24]]

Accuracy = 51.15562403697997
Time taken = 1.6290688514709473 sec
Confusion matrix :
[[24  0  0 10  0  3  1  0  1  0]
 [ 0 73  0  7  0  3  1  0  0  0]
 [ 0  1 54  0  0  6  7  0  0  0]
 [ 0 33  0 17  0  0  1  1  1  0]
 [ 1 18  0  9 19  0  0  5  4  0]
 [ 1 22  3  1  0 39  5  1  0  0]
 [ 0 41  2  2  0  8 31  0  0  0]
 [ 0 10  0 15  3  6  1 24  0  1]
 [ 1 14  0  6 11  2  2  4 33  1]
 [ 1  3  3  4  2  6  2 15  5 18]]

Accuracy = 47.76579352850539
Time taken = 1.9098994731903076 sec
Confusion matrix :
[[28  1  4  8  0  3  1  0  2  0]
 [ 0 78  0  2  0  2  0  0  0  0]
 [ 0  5 41  0  0  5 11  2  0  0]
 [ 0 33  0 14  0  0  0  0  0  0]
 [ 0 12  0 13 28  0  2 13  2  2]
 [ 0 28  1  4  0 30  3  0  0  0]
 [ 0 38  1 10  0  6 28  0  0  0]
 [ 1 10  0 10  3  6  0 16  2  0]
 [ 2  8  0 18  4  3  2  6 31  0]
 [ 1  3  3  6  7  6  3 18  3 16]]

Accuracy = 40.36979969183359
Time taken = 2.2063894271850586 sec
Confusion matrix :
[[22  1  1  8  0  5  0  0  1  0]
 [ 0 66  0  2  0  1  1  0  0  0]
 [ 0  9 46  0  0 14 10  0  0  0]
 [ 0 40  0 10  0  1  0  0  0  0]
 [ 0 19  0  6 17  0  1  4  5  0]
 [ 0 22  2  4  0 41  3  0  0  0]
 [ 0 56  1  6  0 15 16  0  0  0]
 [ 0 22  0 14  1  5  2 10  4  0]
 [ 0 22  0 13  9  3  3  2 23  1]
 [ 5  8  1  2  7 11  2  9  3 11]]

Accuracy = 39.753466872110934
Time taken = 2.548163652420044 sec
Confusion matrix :
[[27  1  1 15  0  7  0  0  0  0]
 [ 0 62  0  3  0  2  0  0  0  0]
 [ 0  4 51  0  0  6 14  1  0  0]
 [ 0 41  0 12  0  1  0  1  0  0]
 [ 1 14  0 10 15  1  1  5  2  0]
 [ 0 30  1  1  0 34  8  0  0  0]
 [ 0 54  3  8  0  7 15  0  0  0]
 [ 1 30  0 19  1  1  3  3  0  0]
 [ 1 19  0 12  7  1  0  5 25  0]
 [ 2 11  1  5  5  5  4 13  2 14]]

Accuracy = 36.97996918335901
Time taken = 2.7968297004699707 sec
Confusion matrix :
[[26  5  2 16  0  9  1  0  2  0]
 [ 0 63  0  1  0  2  0  0  0  0]
 [ 0  7 38  0  0  7  9  0  0  0]
 [ 0 35  0 10  0  1  0  0  0  0]
 [ 0 29  0 15 18  0  2  3  0  0]
 [ 1 34  0  5  0 31  3  1  0  0]
 [ 0 55  1  1  0  4 10  0  0  0]
 [ 1 37  0 19  2  1  0  6  1  0]
 [ 1 24  0 13  3  0  2  2 28  0]
 [ 2 18  2  3  6  8  2  8  3 10]]

Accuracy = 30.970724191063177
Time taken = 3.1441681385040283 sec
Confusion matrix :
[[11  5  0 14  0  6  1  0  3  0]
 [ 0 61  0  1  0  1  0  0  0  0]
 [ 0  6 36  0  0  8 10  0  0  0]
 [ 0 41  0 14  0  0  0  0  0  0]
 [ 1 28  0  7 16  0  1  5  1  0]
 [ 0 46  2  4  0 24  6  0  1  0]
 [ 0 80  0  9  0  8  6  0  1  0]
 [ 0 31  0  7  0  0  3  2  2  0]
 [ 0 30  0  8  2  3  0  2 24  0]
 [ 2 25  0 10  4  3  3 14  3  7]]