algorithm=brute

Accuracy = 59.32203389830508
Time taken = 0.051892995834350586 sec
Confusion matrix :
[[44  0  1  1  0  1  1  1  1  1]
 [ 0 58  0  1  0  4  2  0  2  0]
 [ 0  0 57  0  0  2  1  0  0  0]
 [ 0 12  0 38  0  0  1  1  0  0]
 [ 0  2  0  7 27  1  1 18  5  3]
 [ 2  6  3  5  0 43  7  3  0  1]
 [ 2 19  5 20  0 19 27  3  0  0]
 [ 1  0  0  9  3  4  1 27  4  6]
 [ 2  5  0  7  4  1  5 11 30  3]
 [ 4  0  5  1  2  3  0 17  1 34]]

Accuracy = 55.31587057010786
Time taken = 0.04749703407287598 sec
Confusion matrix :
[[57  0  1  0  0  1  1  0  2  0]
 [ 0 53  0  3  0  4  5  0  0  0]
 [ 0  0 50  0  0  5  3  0  0  1]
 [ 0 21  0 30  1  1  0  3  0  0]
 [ 1  5  0  6 28  0  2 13  4  3]
 [ 0 14  2  4  0 45 10  0  0  1]
 [ 2 23  4 10  0 20 28  1  1  0]
 [ 1  4  0  9  6  2  1 28  2  3]
 [ 3 11  0 11  7  2  7  4 18  3]
 [ 5  2  3  2  6  1  1 14  2 22]]

Accuracy = 53.62095531587057
Time taken = 0.05186104774475098 sec
Confusion matrix :
[[42  0  1  4  0  1  0  0  1  1]
 [ 0 52  1  9  0  5  6  0  0  0]
 [ 0  1 54  0  0  4  4  1  0  0]
 [ 0 21  0 23  0  0  0  1  0  0]
 [ 1  4  0  7 30  0  0  6  3  3]
 [ 1 16  1  6  0 38 10  0  0  0]
 [ 0 37  8  7  0 12 24  3  0  0]
 [ 1  1  0 10  3  3  4 29  2  2]
 [ 0 13  0 15  6  3  3 11 30  1]
 [ 2  2  4  0  3  3  1 21  1 26]]

Accuracy = 54.08320493066255
Time taken = 0.05684709548950195 sec
Confusion matrix :
[[30  2  2  2  1  4  2  1  0  1]
 [ 0 55  0  5  0  1  3  0  0  0]
 [ 0  3 71  0  0  7  7  0  0  0]
 [ 0 18  0 26  0  1  0  1  0  0]
 [ 0  8  0 15 27  0  2 11  3  0]
 [ 1 21  3  5  0 37  7  0  0  0]
 [ 0 31  3  2  0  8 19  1  0  0]
 [ 1  6  0 12  1  3  4 28  4  1]
 [ 2 14  0 11  4  2  1  8 33  1]
 [ 2  2  1  4  4  4  2 21  1 25]]

Accuracy = 50.38520801232666
Time taken = 0.06383013725280762 sec
Confusion matrix :
[[35  0  1  1  1  4  0  0  1  0]
 [ 0 68  1  9  0  2  1  0  0  0]
 [ 0  3 54  0  0  7  8  0  0  0]
 [ 0 34  0 22  0  0  0  0  0  0]
 [ 0  5  0 12 29  0  1  6  3  1]
 [ 1 19  3  2  0 41  5  1  0  0]
 [ 0 33  5  7  0 10 18  0  0  0]
 [ 1 14  0  9  2  5  2 12  2  0]
 [ 2 21  1 14  7  2  1  4 32  0]
 [ 1  3  3  4  4  9  2 21  1 16]]

Accuracy = 46.5331278890601
Time taken = 0.06641912460327148 sec
Confusion matrix :
[[29  2  2  1  0  4  2  0  0  1]
 [ 0 68  1  2  0  1  1  0  0  0]
 [ 0  5 40  0  0  7 12  1  0  0]
 [ 0 23  0 23  0  1  0  0  0  0]
 [ 0 16  0 11 24  0  0  7  3  2]
 [ 0 22  3  0  0 39  6  0  1  0]
 [ 0 62  2  5  0  8 18  0  0  0]
 [ 1 13  0 21  2  5  1 15  5  0]
 [ 0 12  0 14  5  0  0  5 29  1]
 [ 1  4  1  8  7  9  1 16  1 17]]

Accuracy = 41.60246533127889
Time taken = 0.07474088668823242 sec
Confusion matrix :
[[28  3  0 12  0  6  2  0  2  0]
 [ 0 73  0  1  0  3  0  0  0  0]
 [ 0  6 42  0  0  8  5  0  0  0]
 [ 0 31  0 19  0  0  1  1  0  0]
 [ 1 14  0 15 11  1  1  7  3  0]
 [ 1 35  3  2  0 36  2  0  0  0]
 [ 0 54  1  4  0 10  8  1  0  0]
 [ 1 19  0 17  0  2  2 12  2  0]
 [ 2 19  0 14  4  1  2  2 29  3]
 [ 2  8  0  7  8 12  2 12  2 12]]

Accuracy = 37.59630200308167
Time taken = 0.07579612731933594 sec
Confusion matrix :
[[29  5  2 12  0  7  0  0  1  0]
 [ 0 65  0  2  0  0  0  0  0  0]
 [ 0  3 39  1  0 11  6  0  0  0]
 [ 0 32  0  8  0  1  0  0  0  0]
 [ 0 22  0  7 21  0  0  7  1  0]
 [ 1 29  1  5  0 28  5  0  0  0]
 [ 0 57  6  4  0  9 14  0  0  0]
 [ 0 24  0 16  4  0  2  7  1  0]
 [ 1 30  0 11  9  1  1  3 20  0]
 [ 1 18  4  9  7  6  5 12  3 13]]

Accuracy = 40.67796610169492
Time taken = 0.07978200912475586 sec
Confusion matrix :
[[29  6  1  7  0  6  3  0  0  0]
 [ 0 73  0  1  0  0  0  0  0  0]
 [ 0  4 53  0  0  8 16  1  0  0]
 [ 0 36  0 12  0  1  0  0  0  0]
 [ 0 14  0  9 26  0  0  3  3  0]
 [ 0 34  2  1  0 21  4  0  0  0]
 [ 0 64  1  2  0  9  9  0  1  0]
 [ 0 33  0 12  1  2  0  5  2  0]
 [ 1 21  0 13  3  3  1  2 25  0]
 [ 1 14  4  8  2 10  2 13  0 11]]

Accuracy = 35.74730354391371
Time taken = 0.08477282524108887 sec
Confusion matrix :
[[19  5  0  8  0  6  2  0  0  0]
 [ 0 81  0  1  0  0  0  0  0  0]
 [ 0 12 34  0  0  8 17  0  0  0]
 [ 0 38  0 19  0  0  0  0  0  0]
 [ 0 25  0 11 23  0  1  6  2  0]
 [ 0 41  1  2  0 20  4  0  0  0]
 [ 0 60  2  5  0  4  9  0  0  0]
 [ 1 30  0 15  0  1  3  2  0  0]
 [ 0 19  0 17  1  0  0  2 21  0]
 [ 4 17  2  7  8 10  6 11  2  4]]