
Accuracy = 59.93836671802774
Time taken = 0.07174968719482422 sec
Confusion matrix :
[[43  0  0  2  0  0  0  1  0  1]
 [ 0 57  0  5  1  5  8  0  1  0]
 [ 0  0 60  0  0  5  6  1  0  2]
 [ 0 17  0 35  0  2  1  1  1  0]
 [ 1  2  0  5 25  0  2  9  5  2]
 [ 1  5  3  3  0 40 11  3  1  0]
 [ 1 19  8 11  0 20 30  2  1  0]
 [ 1  0  0  3  0  2  2 39  3  0]
 [ 3  6  0 12  6  1  2  8 22  4]
 [ 4  0  4  1  2  4  0 16  1 38]]

Accuracy = 58.705701078582436
Time taken = 0.05385279655456543 sec
Confusion matrix :
[[52  0  0  0  0  1  0  0  1  1]
 [ 0 56  0  0  0  6  2  0  0  0]
 [ 0  0 45  0  0  0  3  1  0  0]
 [ 0 23  0 23  1  1  1  1  0  0]
 [ 1  6  0  8 32  1  3 12  1  6]
 [ 1  8  7  7  0 50  7  0  0  1]
 [ 1 26  8 10  0 21 29  1  0  0]
 [ 1  2  0  5  2  0  2 37  1  3]
 [ 4  8  0  8  7  2  4  5 29  3]
 [ 3  2  2  1  4  6  0 15  0 28]]

Accuracy = 54.699537750385204
Time taken = 0.045562744140625 sec
Confusion matrix :
[[32  1  0  5  0  3  2  1  0  1]
 [ 0 61  0  1  0  3  1  0  0  0]
 [ 0  0 46  0  0  9  6  0  0  1]
 [ 0 31  0 29  0  0  1  1  0  0]
 [ 0  6  0  5 29  2  1  7  1  1]
 [ 0 12  3  5  0 40  3  0  0  0]
 [ 1 30  4  5  0 23 33  1  0  0]
 [ 0  6  0 11  0  5  4 31  3  0]
 [ 3 11  0 12 17  1  2  8 32  0]
 [ 4  0  2  1  4  5  1 15  2 22]]

Accuracy = 53.312788906009246
Time taken = 0.05585026741027832 sec
Confusion matrix :
[[30  1  0  4  0  3  1  1  1  2]
 [ 0 65  1  2  0  1  1  0  0  0]
 [ 0  2 56  0  0  6  1  0  0  0]
 [ 0 29  0 16  0  0  1  1  0  0]
 [ 3  7  0  7 21  0  2 10  2  1]
 [ 2 20  2  4  0 51 11  0  1  0]
 [ 0 32  3  7  0  8 28  0  0  0]
 [ 1  7  0 10  1  7  5 29  3  0]
 [ 1 13  0 15  5  8  0  7 28  1]
 [ 1  2  3  5  4  7  1 14  2 22]]

Accuracy = 48.228043143297384
Time taken = 0.0608370304107666 sec
Confusion matrix :
[[35  0  0  9  0  4  1  0  2  0]
 [ 0 63  0  2  0  4  2  0  0  0]
 [ 0  3 51  0  0  8  7  0  0  0]
 [ 0 28  0 22  0  1  1  0  0  0]
 [ 1 11  0  9 24  4  1 11  4  0]
 [ 0 16  4  6  0 41  9  1  1  0]
 [ 0 32  4  4  0 20 22  0  1  0]
 [ 0  8  0 17  2  3  6 15  1  0]
 [ 1 17  0 14  6  1  1  7 22  0]
 [ 1  1  3  6  4  7  2 15  2 18]]

Accuracy = 44.99229583975347
Time taken = 0.0688166618347168 sec
Confusion matrix :
[[36  2  3  7  0  5  4  1  0  0]
 [ 0 65  1  3  0  1  0  0  0  0]
 [ 0  2 44  0  0  6  5  0  0  0]
 [ 0 34  0 16  0  1  1  0  0  0]
 [ 0 16  0  9 25  0  3  7  0  1]
 [ 0 30  1  2  0 38  3  0  0  0]
 [ 0 41  3  5  0 12 20  0  0  0]
 [ 0 22  0 17  2  2  5 11  1  0]
 [ 1 24  0  9  7  0  5  6 27  1]
 [ 3  5  4  6  6  5  0 17  0 10]]

Accuracy = 42.526964560862865
Time taken = 0.07080960273742676 sec
Confusion matrix :
[[23  3  3 11  0  6  0  1  0  0]
 [ 0 78  0  2  0  1  0  0  0  0]
 [ 0  7 48  0  0  7  7  1  0  0]
 [ 0 33  0 21  0  0  0  1  0  0]
 [ 2 14  0  8 25  0  0  7  1  1]
 [ 1 33  3  3  0 36  1  0  0  0]
 [ 0 55  1 10  0  6 11  0  0  0]
 [ 2 19  0 24  4  3  3  6  1  0]
 [ 1 17  0 15  8  1  2  5 18  0]
 [ 1  4  1  4  4  9  3 13  0 10]]

Accuracy = 41.294298921417564
Time taken = 0.08078479766845703 sec
Confusion matrix :
[[29  1  0  9  1  7  0  0  1  0]
 [ 0 77  0  2  0  2  0  0  0  0]
 [ 0  4 48  0  0  6  6  0  0  0]
 [ 0 34  0 11  1  0  2  0  0  0]
 [ 0 19  0 11 21  1  0  6  3  1]
 [ 0 37  4  6  0 27  3  0  0  0]
 [ 0 52  1  4  0  4 13  0  0  0]
 [ 1 16  0 20  3  1  3  5  1  0]
 [ 0 20  0 10  4  1  3  6 24  0]
 [ 2  9  5  8  8  9  3 14  6 13]]

Accuracy = 34.82280431432974
Time taken = 0.0827789306640625 sec
Confusion matrix :
[[20  7  1  8  0  6  3  0  2  0]
 [ 0 69  0  0  0  1  1  0  0  0]
 [ 0 10 43  0  0  8  9  0  0  0]
 [ 0 51  0  8  0  0  0  0  1  0]
 [ 1 31  0  6 19  0  0  2  1  0]
 [ 0 38  0  6  0 28  6  0  1  0]
 [ 0 53  2  5  0  7  5  0  0  0]
 [ 0 45  0 10  1  4  0  7  0  0]
 [ 0 19  0 13  3  1  4  1 19  1]
 [ 0 16  3  6  7  9  2  8  3  8]]

Accuracy = 32.66563944530046
Time taken = 0.08047699928283691 sec
Confusion matrix :
[[20  7  1 12  0  5  7  1  0  0]
 [ 0 63  1  1  0  0  1  0  0  0]
 [ 0 12 32  0  0  4 10  1  0  0]
 [ 0 36  0 14  0  0  0  0  0  0]
 [ 0 26  0 14 12  0  1  6  4  0]
 [ 0 39  2  4  0 28  5  0  0  0]
 [ 0 65  2  4  0  3  5  0  0  0]
 [ 0 37  0 13  1  3  2  3  0  0]
 [ 0 28  0 10  2  2  3  4 28  0]
 [ 2 12  1 10  5  9  4 12  3  7]]