algorithm=ball_tree

Accuracy = 59.93836671802774
Time taken = 0.21892285346984863 sec
Confusion matrix :
[[46  0  2  0  0  0  0  0  0  1]
 [ 0 57  1  8  0  5  4  0  0  0]
 [ 0  0 58  0  0  3  2  0  0  0]
 [ 0 19  0 29  0  3  1  0  0  0]
 [ 3  3  0  7 25  1  1  9  4  2]
 [ 3  6  5  7  0 40  9  0  0  1]
 [ 1 14  9  6  0 18 34  3  1  0]
 [ 1  1  0  5  3  3  3 34  2  4]
 [ 3  2  0 11 11  3  4 13 33  2]
 [ 4  0  2  1  6  3  1 10  0 33]]

Accuracy = 57.01078582434514
Time taken = 0.4351644515991211 sec
Confusion matrix :
[[50  0  1  1  0  3  1  0  1  0]
 [ 0 55  0  2  0  4  2  0  0  0]
 [ 1  0 51  0  0  5  1  1  0  0]
 [ 0 19  0 29  0  1  1  4  0  0]
 [ 2  4  0  7 30  0  4 21  0  2]
 [ 2 18  4  4  0 49  4  0  1  0]
 [ 2 16  0 10  0 17 25  4  0  0]
 [ 0  0  0  9  2  5  1 29  2  2]
 [ 1 10  0 15  6  3  6  9 26  1]
 [ 3  0  5  1  4  3  0 19  2 26]]

Accuracy = 55.77812018489985
Time taken = 0.6680545806884766 sec
Confusion matrix :
[[34  0  0  3  0  1  3  2  0  0]
 [ 0 62  0  1  0  5  1  0  0  0]
 [ 0  2 51  0  0  9  6  1  0  0]
 [ 0 35  0 18  0  1  1  1  0  0]
 [ 2  6  0  3 35  1  2  7  1  2]
 [ 2 14  1  3  0 43  4  0  0  0]
 [ 1 32  5  6  0 10 26  0  0  0]
 [ 1  3  0 11  3  8  4 42  4  1]
 [ 2  9  0 14  9  4  1  7 22  1]
 [ 4  1  2  0  5  5  1 12  1 29]]

Accuracy = 54.39137134052389
Time taken = 0.9069375991821289 sec
Confusion matrix :
[[39  1  3  2  1  5  0  1  0  0]
 [ 0 63  0  2  0  1  3  0  0  0]
 [ 1  1 60  0  0  5  3  2  0  0]
 [ 0 29  0 24  0  1  0  4  0  0]
 [ 1  8  0 11 25  2  3  8  2  1]
 [ 1 15  3  1  0 46  5  0  0  0]
 [ 0 35  3  5  0 12 28  1  0  0]
 [ 0  9  0 10  1  5  3 23  5  0]
 [ 0  8  0  9  9  3  2  8 23  2]
 [ 3  2  4  0  4  8  2 17  0 22]]

Accuracy = 48.07395993836672
Time taken = 1.1924405097961426 sec
Confusion matrix :
[[28  2  0  7  0  2  1  1  0  0]
 [ 0 70  0  4  0  3  0  0  0  0]
 [ 0  4 50  0  0 10  8  0  0  0]
 [ 0 37  0 28  0  1  1  1  0  0]
 [ 2 11  0 19 22  0  0  5  3  2]
 [ 1 23  3  2  0 39  3  0  0  0]
 [ 0 24  2  4  0 14 19  0  0  0]
 [ 0  9  0 17  3  7  6 21  0  0]
 [ 0 13  0 11  5  3  6  6 20  0]
 [ 5  6  1  4  5  5  3 19  3 15]]

Accuracy = 46.687211093990754
Time taken = 1.4483392238616943 sec
Confusion matrix :
[[31  0  2  8  0  4  1  0  0  0]
 [ 0 70  1  3  0  3  1  0  0  0]
 [ 0  4 41  0  0  9 10  2  0  0]
 [ 0 27  0 22  0  0  0  0  0  0]
 [ 0 12  0 12 34  0  1  4  0  1]
 [ 1 25  3  6  0 32  6  0  0  0]
 [ 0 51  3 11  0  5 15  0  1  0]
 [ 1 16  0 23  2  7  2 17  3  0]
 [ 1 17  0  6  7  1  2  6 29  1]
 [ 2  4  3  2  7  3  1 12  0 12]]

Accuracy = 42.83513097072419
Time taken = 1.6873071193695068 sec
Confusion matrix :
[[25  6  1  8  0  2  1  1  0  0]
 [ 0 73  0  4  0  5  3  0  0  0]
 [ 0  6 41  0  0  8  7  1  0  0]
 [ 0 34  0 13  0  1  0  0  0  0]
 [ 0 19  0 14 23  1  1 10  4  0]
 [ 1 34  5  5  0 39  0  0  0  0]
 [ 0 47  2  8  0  7 15  0  0  0]
 [ 1 20  0 21  3  1  2  8  2  1]
 [ 1 14  0  8  5  0  2  3 27  1]
 [ 1  6  1  6  5  7  2 11  1 14]]

Accuracy = 38.058551617873654
Time taken = 1.9002118110656738 sec
Confusion matrix :
[[23  2  2 12  0  5  0  0  0  0]
 [ 0 70  0  3  0  5  0  0  0  0]
 [ 0  4 37  0  0  7 10  0  0  0]
 [ 0 35  0 14  1  0  0  0  0  0]
 [ 0 20  0 18 25  0  0  5  4  1]
 [ 0 29  2  1  0 25  4  1  1  0]
 [ 0 54  4  6  0 10 13  0  0  0]
 [ 0 26  0 20  0  0  6 10  1  0]
 [ 0 21  0 16  4  1  1  7 19  1]
 [ 1  5  2 12  5  8  3 14  2 11]]

Accuracy = 35.130970724191066
Time taken = 2.168215274810791 sec
Confusion matrix :
[[22  4  0 14  0  5  2  0  4  0]
 [ 0 68  0  2  0  0  1  0  0  0]
 [ 0  8 30  0  0 12 12  0  0  0]
 [ 0 38  0 13  0  1  0  0  1  0]
 [ 0 24  0  6 16  2  1  3  4  0]
 [ 0 40  2  3  0 28  2  0  0  0]
 [ 0 59  2  3  0  7  6  0  0  0]
 [ 0 37  0 17  1  2  0 10  2  1]
 [ 1 21  0 15  5  0  2  6 24  1]
 [ 2 11  0  5  6  7  3 12  2 11]]

Accuracy = 34.20647149460709
Time taken = 2.3799474239349365 sec
Confusion matrix :
[[23  8  1 12  0  8  2  0  0  0]
 [ 0 71  0  1  0  0  0  0  0  0]
 [ 0 14 31  0  0  4 16  0  0  0]
 [ 0 36  0 17  0  0  0  1  0  0]
 [ 0 24  0 12 19  0  1  6  2  0]
 [ 0 39  0  0  0 28  4  0  0  0]
 [ 0 63  1  7  0  7  7  0  0  0]
 [ 0 43  0 13  0  3  1  5  1  0]
 [ 0 25  0 12  5  0  0  1 17  0]
 [ 1 17  1 11  3  7  4  8  2  4]]