k: 100

Accuracy = 70.10785824345146
Time taken = 0.476776123046875 sec
Confusion matrix :
[[42  0  2  0  0  0  0  1  2  1]
 [ 0 58  0  7  0  4  8  0  1  0]
 [ 0  0 60  0  0  2  6  0  0  0]
 [ 0 10  0 28  1  0  2  0  1  0]
 [ 0  0  0  3 33  0  1  3  3  5]
 [ 1 10  7  1  0 55  8  1  0  0]
 [ 1 15  7  5  0  9 51  3  2  0]
 [ 0  0  0  5  4  1  1 44  3  8]
 [ 0  1  0  6  6  1  3  1 39  4]
 [ 4  0  0  0  7  1  0  3  2 45]]
k: 200

Accuracy = 68.7211093990755
Time taken = 0.6253283023834229 sec
Confusion matrix :
[[44  0  1  0  0  0  0  0  2  2]
 [ 0 59  1  1  0  5  9  0  1  0]
 [ 1  0 61  0  0  1  8  0  0  1]
 [ 0 11  0 32  0  2  0  1  2  0]
 [ 0  0  0  6 38  0  0  6  6  5]
 [ 4  8  8  6  0 58 11  1  0  1]
 [ 1 14  7  3  0  7 39  0  1  0]
 [ 0  0  0  2  4  3  1 35  5  2]
 [ 1  3  0  5  4  2  4  2 47  1]
 [ 2  0  0  1  7  0  0  8  2 33]]
k: 300

Accuracy = 69.64560862865947
Time taken = 0.7709658145904541 sec
Confusion matrix :
[[48  0  1  0  0  1  0  1  2  2]
 [ 0 47  1  6  0  5  9  1  0  0]
 [ 0  0 52  0  0  6  5  0  0  0]
 [ 0  6  0 32  1  2  3  4  2  0]
 [ 1  1  0  4 35  0  0  7  7  9]
 [ 1  4  7  2  0 58  6  1  0  0]
 [ 0 16  4  3  0 13 41  0  0  1]
 [ 0  0  0  0  2  0  2 43  4  4]
 [ 0  2  0  4  5  1  5  2 43  2]
 [ 0  1  0  1  6  0  0  6  5 53]]
k: 400

Accuracy = 73.49768875192603
Time taken = 0.9994461536407471 sec
Confusion matrix :
[[47  0  0  0  0  0  0  0  1  0]
 [ 0 52  2  4  0  5  6  0  1  0]
 [ 1  0 63  0  0  4  5  0  0  0]
 [ 0  7  0 35  1  0  0  3  1  0]
 [ 1  0  0  4 51  0  2  6  4  4]
 [ 0  9  3  1  0 57 11  0  0  0]
 [ 1  9  5  0  0 10 50  0  0  1]
 [ 0  0  0  2  5  3  1 37  5  4]
 [ 2  0  0  4  8  0  2  5 46  1]
 [ 1  0  0  0  5  0  0  9  3 39]]
k: 500

Accuracy = 70.87827426810478
Time taken = 1.1669859886169434 sec
Confusion matrix :
[[49  0  0  0  1  0  0  0  0  1]
 [ 0 50  1  5  0  4 10  0  1  0]
 [ 0  0 54  0  0  3  4  0  0  0]
 [ 0 14  0 38  3  0  0  3  2  0]
 [ 0  0  0  1 42  1  1  4  5  4]
 [ 0  8  3  0  0 53  7  1  1  0]
 [ 2 23  4  1  0  6 37  0  1  0]
 [ 0  0  0  2  4  0  1 45 10  5]
 [ 0  2  0  2  5  3  1  9 49  1]
 [ 2  0  3  1  5  0  0  4  4 43]]
k: 600

Accuracy = 70.26194144838213
Time taken = 2.0728394985198975 sec
Confusion matrix :
[[45  0  0  0  0  1  0  0  1  1]
 [ 0 51  1  8  0  3 12  0  1  0]
 [ 0  0 37  0  0  1  6  0  0  0]
 [ 0  8  0 33  1  0  1  4  2  0]
 [ 0  4  0  3 50  0  0  8 11  7]
 [ 3  9  6  1  0 60 10  2  0  0]
 [ 1  9  6  3  0  8 45  0  1  0]
 [ 0  0  1  1  4  0  1 39  6  3]
 [ 1  2  0  1  5  1  5  3 55  1]
 [ 2  1  2  0  6  0  0  3  1 41]]
k: 700

Accuracy = 72.72727272727273
Time taken = 1.6983261108398438 sec
Confusion matrix :
[[42  0  1  0  0  0  2  0  0  0]
 [ 0 61  0  2  0  6  4  0  0  0]
 [ 0  0 57  0  0  0  4  0  1  1]
 [ 1 11  0 30  1  2  0  2  0  1]
 [ 0  0  0  2 42  1  0  8  3  4]
 [ 0  2  4  1  0 60  9  1  1  0]
 [ 0 15 11  3  1 16 45  0  0  0]
 [ 0  0  0  3  4  1  1 42  8  2]
 [ 0  2  0  2  6  0  4  1 52  1]
 [ 1  0  1  0  4  1  0 11  3 41]]
k: 800

Accuracy = 68.41294298921417
Time taken = 1.847825050354004 sec
Confusion matrix :
[[48  0  0  0  0  0  0  0  1  0]
 [ 0 51  1  4  0  3 13  0  1  0]
 [ 0  0 63  0  0 10  5  0  0  0]
 [ 0 12  0 26  1  2  2  1  3  0]
 [ 1  1  0  5 41  0  1  4  8  5]
 [ 2  8  5  0  0 47  3  0  0  0]
 [ 0 17  7  2  0 11 39  0  1  0]
 [ 0  1  0  3  3  0  6 35  4  4]
 [ 0  4  0  4  3  2  4  2 46  1]
 [ 3  1  2  0  8  4  0  4  2 48]]
k: 900

Accuracy = 67.33436055469953
Time taken = 2.1536688804626465 sec
Confusion matrix :
[[45  0  0  0  0  1  0  0  1  1]
 [ 0 62  0  3  0  3 13  0  1  0]
 [ 0  0 59  0  0  2  6  0  0  2]
 [ 0  7  0 29  2  1  4  2  2  0]
 [ 0  2  0  5 30  0  2  6  6  2]
 [ 0  7  8  0  0 52  7  0  1  0]
 [ 1 18  7  3  0 12 40  0  1  0]
 [ 0  1  0  3  1  0  1 43  6  5]
 [ 2  1  0  5 11  1  3  5 43  4]
 [ 1  0  4  1  8  1  0  6  3 34]]
k: 1000

Accuracy = 73.18952234206472
Time taken = 2.254082441329956 sec
Confusion matrix :
[[49  0  0  0  0  1  0  0  1  1]
 [ 0 57  0  4  0  4  7  0  1  0]
 [ 0  0 57  0  0  6  4  0  0  0]
 [ 0 14  0 26  2  1  2  3  1  0]
 [ 0  0  0  4 37  0  2  1  3  9]
 [ 0 12  4  2  0 57  5  0  0  1]
 [ 1 13  5  1  0  6 42  0  1  0]
 [ 0  0  0  2  3  2  1 42  4  1]
 [ 1  4  0  3  4  0  2  5 53  1]
 [ 0  0  2  1  6  0  0  8  2 55]]