tol: 0.1
k: 100

Accuracy = 70.26194144838213
Time taken = 0.4494154453277588 sec
Confusion matrix :
[[43  0  1  0  0  1  1  0  0  0]
 [ 0 47  1  5  0  4  8  0  0  0]
 [ 1  0 55  0  0  1  9  0  2  1]
 [ 0  9  0 33  2  1  1  1  2  1]
 [ 1  1  1  3 37  0  0 10  4  2]
 [ 3 13  3  4  0 55  8  0  0  0]
 [ 0  9  5  3  0  9 54  0  3  0]
 [ 0  0  0  1  6  0  3 39  5  5]
 [ 0  4  0  4  2  0  2  8 48  3]
 [ 3  0  1  0  5  0  0  6  1 45]]
tol: 0.1
k: 200

Accuracy = 70.26194144838213
Time taken = 0.5893192291259766 sec
Confusion matrix :
[[49  0  0  0  0  0  1  0  1  3]
 [ 0 51  0  0  0  5  6  0  0  0]
 [ 0  0 67  0  0  3  8  1  0  1]
 [ 0  7  0 33  2  4  1  3  1  0]
 [ 2  1  0  1 38  0  1  1  8  1]
 [ 0 13  7  3  0 42  6  0  1  0]
 [ 0 13 10  3  0  7 42  1  1  0]
 [ 0  0  0  4  5  2  4 43  4  3]
 [ 0  5  0  3  8  1  5  4 51  1]
 [ 0  0  1  0  9  0  0  7  0 40]]
tol: 0.1
k: 300

Accuracy = 70.26194144838213
Time taken = 0.7326736450195312 sec
Confusion matrix :
[[34  0  0  0  0  2  0  0  2  0]
 [ 0 58  1  5  0  7  9  0  1  0]
 [ 0  0 57  0  0  4  3  0  0  0]
 [ 0 12  0 39  1  0  3  0  3  1]
 [ 1  1  0  1 44  0  0  3  3  2]
 [ 1 10  9  0  0 51 15  1  0  0]
 [ 2 17  3  8  0  8 44  0  0  0]
 [ 0  0  0  2  7  4  0 35  6  4]
 [ 0  1  0  4  5  2  2  4 51  2]
 [ 0  0  1  0  6  0  0  3  1 43]]
tol: 0.1
k: 400

Accuracy = 71.1864406779661
Time taken = 0.8774869441986084 sec
Confusion matrix :
[[51  0  0  0  1  0  0  1  0  1]
 [ 0 47  1  2  0  8 11  0  1  0]
 [ 0  0 56  0  0  2  3  0  0  0]
 [ 0 12  0 32  0  3  5  2  2  0]
 [ 0  0  0  4 34  0  2  7  9  2]
 [ 0  5  2  0  0 56  9  2  1  0]
 [ 1 14  4  0  0  8 41  2  1  0]
 [ 0  0  0  1  4  1  3 45  4  4]
 [ 1  4  0  5  3  0  3  8 51  1]
 [ 3  0  0  0  4  0  0  6  4 49]]
tol: 0.1
k: 500

Accuracy = 68.87519260400616
Time taken = 1.1000936031341553 sec
Confusion matrix :
[[50  0  0  0  1  0  0  0  0  1]
 [ 0 62  0  5  0  2 11  0  0  0]
 [ 0  0 59  0  0  1  3  0  1  0]
 [ 1 14  0 31  1  0  1  2  5  0]
 [ 0  0  0  3 41  0  1  4  5  3]
 [ 2 14 10  3  0 45 11  1  0  0]
 [ 1 14  3  2  1 11 36  1  0  0]
 [ 0  0  0  3  4  0  1 39  3  6]
 [ 1  1  0  2  7  0  1  7 45  5]
 [ 1  0  4  1  8  1  1  4  2 39]]
tol: 0.1
k: 600

Accuracy = 73.34360554699538
Time taken = 2.0919270515441895 sec
Confusion matrix :
[[46  0  0  0  0  1  2  0  0  2]
 [ 0 65  0  4  0  4  7  0  0  0]
 [ 0  0 68  0  0  1  3  0  0  0]
 [ 0  6  0 41  3  1  1  1  0  0]
 [ 0  1  0  2 34  0  0  4  8  5]
 [ 0  7  6  0  0 52  3  3  2  0]
 [ 2 18  7  3  0 13 40  0  1  0]
 [ 0  0  0  2  5  1  3 34  9  6]
 [ 0  4  0  0  4  0  2  3 50  1]
 [ 0  0  0  0  5  1  0  4  2 46]]
tol: 0.1
k: 700

Accuracy = 70.72419106317412
Time taken = 1.570753812789917 sec
Confusion matrix :
[[39  0  0  0  0  0  0  0  0  1]
 [ 0 61  0  5  0  3 10  1  0  0]
 [ 0  0 52  0  0  3  2  0  1  1]
 [ 0 16  0 29  1  0  3  4  0  1]
 [ 0  2  0  1 47  1  0  3  7  5]
 [ 0  8  4  0  0 64 10  1  0  0]
 [ 0 15  4  3  0 18 40  2  0  0]
 [ 0  0  0  1  6  2  1 34  1  2]
 [ 1  1  0  6  7  0  1  3 44  1]
 [ 2  0  0  0  6  0  0  8  5 49]]
tol: 0.1
k: 800

Accuracy = 69.64560862865947
Time taken = 1.7329556941986084 sec
Confusion matrix :
[[41  0  0  0  0  0  0  0  0  1]
 [ 0 57  1  4  0  6  9  0  2  0]
 [ 1  0 64  0  0  6  2  0  0  0]
 [ 0 20  0 22  0  0  2  1  3  0]
 [ 0  2  0  5 35  1  2  3  7  6]
 [ 0  5  4  0  0 45  6  1  0  0]
 [ 1 14  4  5  0 12 39  0  1  0]
 [ 0  0  0  3  4  1  4 44  5  6]
 [ 0  2  0  5  6  0  3  3 54  4]
 [ 1  0  1  0  5  2  0  4  1 51]]
tol: 0.1
k: 900

Accuracy = 71.03235747303543
Time taken = 1.9552805423736572 sec
Confusion matrix :
[[47  0  1  0  1  2  0  0  1  0]
 [ 0 55  1  4  0  3 10  0  1  0]
 [ 0  0 61  0  0  1  2  0  0  0]
 [ 0 12  0 30  1  1  3  2  1  0]
 [ 0  1  0  3 43  0  1  4  6  4]
 [ 2  8  5  1  0 54  8  0  0  0]
 [ 2 18  5  0  0 14 39  0  1  0]
 [ 0  0  1  4  3  0  4 44  4  2]
 [ 0  1  0  0  4  2  0  5 50  0]
 [ 3  0  0  0  9  2  0  7  7 38]]
tol: 0.1
k: 1000

Accuracy = 69.33744221879815
Time taken = 2.2634646892547607 sec
Confusion matrix :
[[47  0  1  0  0  0  0  0  3  0]
 [ 0 58  0  2  0  5  4  0  2  0]
 [ 1  0 54  0  0  0  3  0  1  2]
 [ 0 11  0 34  2  1  3  3  0  0]
 [ 0  2  0  1 50  0  1  5  8  6]
 [ 0  7  6  1  0 44 14  1  0  1]
 [ 0 20  3  1  0 13 44  0  2  0]
 [ 0  0  0  5  4  2  5 43  0  5]
 [ 2  2  0  3  8  1  1  7 36  5]
 [ 2  0  1  1  3  0  0  3  3 40]]
tol: 0.01
k: 100

Accuracy = 66.10169491525424
Time taken = 0.4783589839935303 sec
Confusion matrix :
[[45  0  1  0  0  0  0  0  0  1]
 [ 0 52  0  5  0  7  6  1  0  0]
 [ 1  0 58  0  0  2  8  0  0  0]
 [ 0  6  0 32  2  0  3  5  3  0]
 [ 1  0  0  5 39  0  0  7  8  5]
 [ 3  5  8  3  0 47 16  2  0  0]
 [ 0 15  6  3  0  8 39  0  1  0]
 [ 0  0  0  2  2  0  3 42  4  3]
 [ 0  3  0  5  7  2  5  6 46  8]
 [ 3  0  1  0  7  0  1  8  3 29]]
tol: 0.01
k: 200

Accuracy = 70.87827426810478
Time taken = 0.6286308765411377 sec
Confusion matrix :
[[36  0  1  0  0  0  0  0  0  2]
 [ 1 58  0  0  0  7  9  0  0  0]
 [ 0  0 56  0  0  2  4  0  0  0]
 [ 0  9  0 25  2  1  1  0  2  0]
 [ 0  1  0  4 39  0  2  4  6  8]
 [ 1 10  6  6  0 49  5  0  0  0]
 [ 1 15  3  1  0 12 59  1  0  0]
 [ 0  0  0  2  5  0  2 42  9  7]
 [ 1  1  0  6  7  1  3  1 46  2]
 [ 1  0  1  1  2  0  0  6  4 50]]
tol: 0.01
k: 300

Accuracy = 69.33744221879815
Time taken = 0.7461657524108887 sec
Confusion matrix :
[[36  0  0  0  1  1  0  1  1  2]
 [ 1 53  2  5  0  2  6  1  2  0]
 [ 0  0 57  0  0  1  5  0  0  0]
 [ 0  9  0 32  1  1  0  0  3  1]
 [ 0  1  0  3 41  1  0  1  7  9]
 [ 0 12  1  4  0 52  7  1  1  0]
 [ 2 16  3  4  0  9 38  1  0  0]
 [ 0  0  0  6  4  2  6 43  3  2]
 [ 2  3  0  3  9  1  2  4 50  2]
 [ 0  0  0  0  9  2  0  8  2 48]]
tol: 0.01
k: 400

Accuracy = 69.33744221879815
Time taken = 0.9628489017486572 sec
Confusion matrix :
[[45  0  0  0  2  1  0  0  2  1]
 [ 0 59  2  7  0  1  5  0  0  0]
 [ 0  0 61  0  0  2  4  2  0  0]
 [ 0 16  0 30  0  1  0  6  1  0]
 [ 0  1  0  0 45  0  1  5  4  4]
 [ 0  4  8  1  0 42  3  2  0  0]
 [ 1 18  6  5  0 11 52  0  1  0]
 [ 0  0  0  2  3  2  3 27  2  5]
 [ 0  2  0  7  9  4  1  6 42  1]
 [ 2  0  1  0  7  2  0  6  6 47]]
tol: 0.01
k: 500

Accuracy = 69.64560862865947
Time taken = 1.1901450157165527 sec
Confusion matrix :
[[41  0  0  0  0  0  0  0  0  1]
 [ 0 43  1  2  0  4  8  0  1  0]
 [ 0  0 58  0  0  2  1  0  1  0]
 [ 0 16  0 32  2  0  4  3  1  0]
 [ 0  0  0  3 39  0  0  6  8  6]
 [ 0 11  4  2  0 50 16  1  0  0]
 [ 0 15  6  3  0  4 49  1  0  0]
 [ 0  0  0  0  5  0  4 47  7  4]
 [ 1  2  0  6  5  0  2  2 51  1]
 [ 1  0  1  0 11  0  0  9  3 42]]
tol: 0.01
k: 600

Accuracy = 71.1864406779661
Time taken = 2.1311447620391846 sec
Confusion matrix :
[[42  0  0  0  0  0  0  0  1  0]
 [ 0 60  0  6  0 10  9  0  1  0]
 [ 1  0 55  0  0  3  5  0  0  1]
 [ 0 12  0 34  1  1  0  2  1  0]
 [ 0  0  0  4 38  0  0  7  7  6]
 [ 1  5  5  0  0 58  8  1  0  0]
 [ 1 11  8  0  0 11 43  0  1  0]
 [ 0  0  0  3  6  2  1 42  4  5]
 [ 4  2  0  3  6  1  4  3 46  1]
 [ 3  0  0  0  3  1  0  4  1 44]]
tol: 0.01
k: 700

Accuracy = 69.79969183359015
Time taken = 1.6620187759399414 sec
Confusion matrix :
[[39  0  0  0  1  0  0  1  0  0]
 [ 0 52  1  6  0  4  6  0  1  0]
 [ 0  0 67  0  0  5  2  0  0  1]
 [ 0 12  0 41  1  0  3  1  2  0]
 [ 1  2  0  2 28  0  0  4 11  7]
 [ 0  6  4  1  1 54 10  1  0  0]
 [ 0 13 11  4  0 12 48  1  0  0]
 [ 0  0  0  4  7  1  4 38  3  4]
 [ 1  3  1  3  6  0  3  2 37  1]
 [ 0  0  2  0  4  1  0  7  1 49]]
tol: 0.01
k: 800

Accuracy = 72.88135593220339
Time taken = 1.8739068508148193 sec
Confusion matrix :
[[36  0  0  0  0  1  1  0  2  1]
 [ 0 55  0  6  0  4  6  0  0  0]
 [ 0  0 56  0  0  1  0  0  0  0]
 [ 0 19  0 36  0  1  0  0  2  0]
 [ 1  1  0  4 51  0  0  7  7  5]
 [ 0 10  5  1  0 55  6  0  0  0]
 [ 0 11  4  0  0 12 53  1  0  0]
 [ 0  1  0  3  0  1  2 30  4  2]
 [ 0  4  0  5 10  3  2  4 41  2]
 [ 1  0  1  1  4  0  0  3  4 60]]
tol: 0.01
k: 900

Accuracy = 69.18335901386749
Time taken = 2.211252450942993 sec
Confusion matrix :
[[47  0  1  0  0  2  0  0  0  3]
 [ 0 48  0  3  0  3 10  0  0  0]
 [ 0  0 56  0  0  2  4  0  0  1]
 [ 0  9  0 33  3  3  0  1  1  0]
 [ 0  1  0  0 43  0  0  4  2  8]
 [ 0  9  4  1  0 50 12  0  0  1]
 [ 2 12 10  3  0 11 38  1  1  0]
 [ 0  0  0  1  4  3  0 39  5  4]
 [ 1  2  0  6  8  2  2  7 47  2]
 [ 4  0  2  1  8  0  0  5  5 48]]
tol: 0.01
k: 1000

Accuracy = 71.34052388289676
Time taken = 2.22409987449646 sec
Confusion matrix :
[[32  0  2  0  0  0  0  0  1  1]
 [ 0 69  2  5  0  2  6  0  1  0]
 [ 0  0 68  0  0  6  4  1  0  0]
 [ 1 12  0 31  0  0  4  2  1  0]
 [ 2  2  0  4 44  0  1  5  5  2]
 [ 1  6  6  0  0 50 12  0  1  0]
 [ 1 14  1  2  0 12 33  0  2  0]
 [ 0  0  0  3  2  0  2 45  7  2]
 [ 1  2  0  5  8  0  2  5 45  2]
 [ 0  1  2  0  4  1  0  4  3 46]]
tol: 0.001
k: 100

Accuracy = 70.26194144838213
Time taken = 0.47871971130371094 sec
Confusion matrix :
[[47  0  0  0  0  0  0  1  1  1]
 [ 0 54  0  1  0  4  9  1  2  0]
 [ 0  0 58  0  0  1  3  0  0  0]
 [ 0  9  0 38  2  2  2  1  6  0]
 [ 2  1  0  0 33  0  1  5  6  8]
 [ 2  5  5  5  0 54 10  0  1  1]
 [ 0 11  7  2  0 13 43  1  1  1]
 [ 0  0  0  3  2  1  1 35  3  1]
 [ 0  7  0  5  6  0  5  4 42  5]
 [ 1  0  1  0  4  1  0  5  4 52]]
tol: 0.001
k: 200

Accuracy = 67.64252696456087
Time taken = 0.6161994934082031 sec
Confusion matrix :
[[38  0  1  0  0  0  0  0  0  3]
 [ 0 56  0  3  0  5 14  0  1  0]
 [ 1  0 51  0  0  0  3  0  0  0]
 [ 0 16  0 28  1  1  1  3  1  0]
 [ 0  0  0  1 37  0  0  5  6 10]
 [ 0  7  8  3  0 51 14  0  1  0]
 [ 2 13  8  5  0 12 53  1  0  0]
 [ 0  0  0  0  1  1  3 45  6  3]
 [ 1  3  0  7  7  1  3  2 40  3]
 [ 0  0  2  0  8  1  0  4  4 40]]
tol: 0.001
k: 300

Accuracy = 68.87519260400616
Time taken = 0.7907917499542236 sec
Confusion matrix :
[[40  0  1  0  0  1  0  0  3  0]
 [ 0 52  1  7  0  6  5  1  0  0]
 [ 0  0 59  0  0  3  6  0  0  0]
 [ 0 19  0 30  0  0  1  3  1  1]
 [ 0  2  0  1 29  0  0  5  7  6]
 [ 2 14  4  1  0 51  9  2  1  0]
 [ 0 10  5  2  0  8 46  0  0  0]
 [ 0  0  0  1  4  1  5 40  1  1]
 [ 0  1  0  4  8  1  2 10 51  4]
 [ 3  0  5  0  5  0  0  4  4 49]]
tol: 0.001
k: 400

Accuracy = 68.7211093990755
Time taken = 0.9783668518066406 sec
Confusion matrix :
[[46  0  1  0  0  0  0  1  0  0]
 [ 1 55  0  0  0  7  9  0  1  0]
 [ 0  0 55  0  0  4  7  1  0  1]
 [ 0 19  0 34  0  3  1  3  1  0]
 [ 2  2  0  2 37  0  1  6  5  4]
 [ 0 11  5  0  1 52  9  0  0  0]
 [ 0 15  7  3  0  8 31  0  0  0]
 [ 0  0  0  4  6  3  3 47  6  2]
 [ 2  2  0  1  5  1  4  7 42  1]
 [ 3  0  0  0  6  1  0  4  1 47]]
tol: 0.001
k: 500

Accuracy = 69.64560862865947
Time taken = 1.1678564548492432 sec
Confusion matrix :
[[40  0  0  0  0  1  0  0  0  0]
 [ 0 54  0  1  0  3  8  0  4  0]
 [ 0  0 59  0  0  4  4  0  0  0]
 [ 0 16  0 33  3  1  3  2  2  0]
 [ 0  1  0  2 39  0  1  6  9  6]
 [ 1  7  6  1  0 50  5  1  1  0]
 [ 1 21  6  3  0 11 48  1  0  0]
 [ 0  0  0  3  5  0  0 42  6  7]
 [ 0  3  0  2  2  3  2  4 50  2]
 [ 1  0  2  0  5  0  0  2  6 37]]
tol: 0.001
k: 600

Accuracy = 72.57318952234206
Time taken = 2.078319549560547 sec
Confusion matrix :
[[48  0  1  0  0  1  0  0  1  1]
 [ 0 55  1  3  0  5  4  1  0  0]
 [ 0  0 71  0  0  5  4  0  0  0]
 [ 0 14  0 43  1  0  0  0  0  0]
 [ 0  0  0  4 32  1  0  4  4  3]
 [ 0  8  3  1  0 46  9  0  0  0]
 [ 1 13  6  4  0 10 48  1  2  0]
 [ 0  0  0  2  5  0  2 37  7  6]
 [ 2  3  0  3  6  2  0  5 45  2]
 [ 1  0  3  0  5  1  1  6  0 46]]
tol: 0.001
k: 700

Accuracy = 71.03235747303543
Time taken = 1.5795106887817383 sec
Confusion matrix :
[[54  0  0  0  0  0  0  0  0  1]
 [ 0 56  1  6  0  4  9  0  1  0]
 [ 0  0 61  0  0  4  2  0  0  2]
 [ 0 11  0 28  0  0  2  2  1  0]
 [ 0  0  0  3 36  0  1  1  3  7]
 [ 3  4  3  1  0 49  8  1  1  0]
 [ 0 16  9  2  0  9 44  0  0  0]
 [ 0  0  0  2  5  1  4 38  3  0]
 [ 0  1  0  8  9  1  3  3 53  3]
 [ 1  1  2  0 11  1  0  8  3 42]]
tol: 0.001
k: 800

Accuracy = 72.41910631741139
Time taken = 1.8469135761260986 sec
Confusion matrix :
[[52  0  0  0  0  1  0  1  0  1]
 [ 0 55  1  3  0  1  5  0  1  0]
 [ 0  0 66  0  0  4  0  0  1  0]
 [ 0 12  0 29  1  1  1  3  2  0]
 [ 1  0  0  4 41  0  0  5  8  6]
 [ 0  5  6  1  0 57 12  1  0  0]
 [ 0 18  6  5  0 10 39  1  0  0]
 [ 0  0  0  1  0  4  4 39  6  4]
 [ 2  1  0  3  6  0  0  3 45  1]
 [ 2  0  0  0  4  1  0  4  5 47]]
tol: 0.001
k: 900

Accuracy = 67.02619414483821
Time taken = 2.0313074588775635 sec
Confusion matrix :
[[44  0  1  0  0  0  0  0  0  3]
 [ 0 57  2  3  0  5  5  0  1  0]
 [ 1  0 51  0  0  0  5  1  0  1]
 [ 0 11  0 30  2  0  0  3  1  1]
 [ 0  1  0  5 38  0  3  8  7  6]
 [ 0  2  6  1  0 54  7  0  0  1]
 [ 0 20  3  4  0 17 40  0  0  0]
 [ 0  0  0  2  0  3  0 38  7  3]
 [ 0  4  0  5  8  2  4  5 55  5]
 [ 3  0  1  1 11  0  0 11  2 28]]
tol: 0.001
k: 1000

Accuracy = 69.33744221879815
Time taken = 2.2610857486724854 sec
Confusion matrix :
[[56  0  2  0  0  0  0  0  0  2]
 [ 0 53  1  4  0  9  9  0  0  0]
 [ 1  0 59  0  0  1  4  0  0  0]
 [ 0 12  0 31  0  2  1  3  1  0]
 [ 1  0  0  2 31  0  1  8  9  8]
 [ 0  3  3  0  0 46 10  1  0  0]
 [ 0 21  4  2  0 13 43  1  0  0]
 [ 0  0  0  2  3  2  2 34  5  6]
 [ 0  4  0  5  2  0  4  5 46  2]
 [ 2  0  0  1  6  0  0  5  4 51]]
tol: 0.0001
k: 100

Accuracy = 72.41910631741139
Time taken = 0.4869213104248047 sec
Confusion matrix :
[[37  0  1  0  0  0  1  2  0  1]
 [ 0 49  0  2  0  4  8  1  2  0]
 [ 1  0 70  0  0  4  3  0  1  1]
 [ 0  6  0 38  0  0  0  1  2  0]
 [ 3  2  0  3 40  0  0  6  8  6]
 [ 1  6  3  0  0 52  5  1  1  0]
 [ 1  9  5  4  0 12 51  0  1  1]
 [ 0  0  0  2  3  1  1 41  3  5]
 [ 2  2  0  4  7  1  5  3 37  2]
 [ 3  0  1  1  4  1  0  9  0 55]]
tol: 0.0001
k: 200

Accuracy = 67.95069337442219
Time taken = 0.6309754848480225 sec
Confusion matrix :
[[50  0  0  0  0  0  0  0  1  1]
 [ 0 52  0  2  0  2  8  0  0  0]
 [ 0  0 48  0  0  3  6  1  0  0]
 [ 0 12  0 28  0  1  0  1  2  0]
 [ 0  1  0  5 48  0  0  7  8  7]
 [ 1 10  5  1  0 59 10  0  0  0]
 [ 3 22  3  0  0 19 36  0  1  0]
 [ 0  0  0  3  4  2  1 37  7  9]
 [ 1  0  0  5  5  0  2  5 41  2]
 [ 4  0  1  1  6  0  0  4  3 42]]
tol: 0.0001
k: 300

Accuracy = 69.49152542372882
Time taken = 0.7629508972167969 sec
Confusion matrix :
[[36  0  0  0  0  0  1  0  1  2]
 [ 0 58  0  2  0  5  3  0  0  0]
 [ 1  0 65  0  0  4  5  0  0  0]
 [ 0 10  0 35  0  0  2  1  1  1]
 [ 0  2  0  3 34  0  1  4  5  4]
 [ 2 12  8  3  0 53  9  0  0  0]
 [ 0 18  6  4  0  9 40  2  2  0]
 [ 0  0  0  2  5  3  4 43  6  2]
 [ 1  1  0  9  7  1  2  3 48  1]
 [ 2  1  0  0  6  0  0  7  2 39]]
tol: 0.0001
k: 400

Accuracy = 71.03235747303543
Time taken = 1.0126662254333496 sec
Confusion matrix :
[[44  0  1  0  1  0  0  0  3  0]
 [ 1 56  1  3  0  8 11  0  1  0]
 [ 0  0 59  0  0  2  3  0  0  0]
 [ 0  7  0 27  0  0  0  3  2  0]
 [ 2  0  0  4 44  0  2  5  8  5]
 [ 0  6  4  1  0 56 10  0  1  0]
 [ 0 11  7  3  0  9 38  0  1  0]
 [ 0  0  0  5  3  1  3 38  7  4]
 [ 0  2  0  5  7  0  2  7 44  4]
 [ 0  0  2  0  2  1  0  4  3 55]]
tol: 0.0001
k: 500

Accuracy = 70.10785824345146
Time taken = 1.2199547290802002 sec
Confusion matrix :
[[44  0  2  0  1  1  0  0  2  2]
 [ 0 55  0  2  0  2 13  0  0  0]
 [ 1  0 51  0  0  3  4  0  1  0]
 [ 0 10  0 31  3  2  2  2  3  0]
 [ 0  1  0  3 35  0  1  3  4  5]
 [ 0  5  4  0  1 59  6  0  1  0]
 [ 0 20  2  4  0 10 38  0  2  0]
 [ 0  0  0  2  3  1  2 43  8  8]
 [ 1  2  0  6  6  1  0  7 59  2]
 [ 0  0  2  0  9  0  0  5  1 40]]
tol: 0.0001
k: 600

Accuracy = 67.64252696456087
Time taken = 2.164870023727417 sec
Confusion matrix :
[[47  0  1  0  0  1  0  0  2  1]
 [ 0 53  1  6  0  4  9  0  0  0]
 [ 0  0 50  0  0  2  6  0  0  0]
 [ 0 16  0 33  0  1  2  1  4  0]
 [ 0  1  0  6 40  0  0  5  7  8]
 [ 1  7  4  0  0 52 10  1  0  0]
 [ 1 12  5  1  0 13 47  1  3  0]
 [ 0  0  0  3  4  2  1 31  7  3]
 [ 0  4  0  5  9  1  2  6 42  1]
 [ 1  0  2  0  8  1  0  5  2 44]]
tol: 0.0001
k: 700

Accuracy = 68.87519260400616
Time taken = 1.7031779289245605 sec
Confusion matrix :
[[41  0  0  0  0  0  0  0  1  1]
 [ 0 39  0  3  0  2  7  0  0  0]
 [ 0  0 65  0  0  5  4  0  0  0]
 [ 0 12  0 28  2  1  0  3  1  0]
 [ 2  1  0  4 40  0  0  5  3  7]
 [ 0 13  3  2  0 56  9  2  0  0]
 [ 1 17  2  2  1 16 53  0  0  0]
 [ 0  0  0  4  2  0  5 42  7  4]
 [ 1  3  0  3 10  1  5  6 40  0]
 [ 0  1  1  0  7  0  0  8  2 43]]
tol: 0.0001
k: 800

Accuracy = 70.72419106317412
Time taken = 1.8649230003356934 sec
Confusion matrix :
[[39  0  0  0  0  1  0  0  1  1]
 [ 0 50  0  1  0  4  7  0  0  0]
 [ 0  0 60  0  0  2  3  0  0  0]
 [ 0 12  0 34  2  0  1  2  2  0]
 [ 1  0  0  0 41  0  2  4  6  5]
 [ 0  8  7  0  0 56 10  1  0  0]
 [ 0 20  6  1  0 11 44  0  0  1]
 [ 0  0  0  3  6  5  1 39  4  6]
 [ 2  6  0  5  5  1  6  3 49  1]
 [ 1  1  2  1  2  1  0  5  1 47]]
tol: 0.0001
k: 900

Accuracy = 70.41602465331279
Time taken = 2.2174057960510254 sec
Confusion matrix :
[[44  0  0  0  0  0  0  0  0  1]
 [ 0 59  0  3  0  7 11  0  2  0]
 [ 0  0 64  0  0  0  8  0  1  0]
 [ 0 14  0 28  1  0  1  2  1  0]
 [ 1  3  0  3 50  1  1  3  6  5]
 [ 0  3  6  1  0 49  7  0  0  0]
 [ 2 14  8  2  0  9 42  2  4  0]
 [ 0  1  0  2  3  1  3 48  4  4]
 [ 0  1  0  3  4  3  2  4 41  2]
 [ 2  1  1  0 10  0  0  5  3 32]]
tol: 0.0001
k: 1000

Accuracy = 70.10785824345146
Time taken = 2.436610698699951 sec
Confusion matrix :
[[43  0  0  0  0  1  0  0  1  0]
 [ 0 49  0  4  0  2  8  0  2  0]
 [ 0  0 65  0  0  6  6  0  0  0]
 [ 0 15  0 35  1  1  2  2  2  0]
 [ 0  1  0  2 41  0  0  6  4  5]
 [ 1  7  6  0  0 54  8  1  0  0]
 [ 1 16  3  3  0 11 40  1  1  0]
 [ 0  1  1  2  2  1  3 41  9  4]
 [ 2  3  0  6  7  0  4  3 37  1]
 [ 2  0  1  0  5  1  0  4  2 50]]
tol: 1e-05
k: 100

Accuracy = 68.56702619414484
Time taken = 0.4900963306427002 sec
Confusion matrix :
[[51  0  1  0  0  0  1  1  2  1]
 [ 0 51  1  4  0  4 10  1  2  0]
 [ 0  0 59  0  0  2  6  0  1  1]
 [ 0 11  0 37  2  4  1  2  0  0]
 [ 1  1  0  4 43  1  0  6  7  4]
 [ 1  7  4  0  0 49  9  1  0  0]
 [ 0 15  3  2  0  8 49  2  2  0]
 [ 0  0  1  2  3  1  1 28  3  3]
 [ 1  5  0  5  4  2  3  6 36  3]
 [ 4  1  1  1 10  0  0  5  3 42]]
tol: 1e-05
k: 200

Accuracy = 70.10785824345146
Time taken = 0.6480844020843506 sec
Confusion matrix :
[[41  0  1  0  0  1  0  1  1  2]
 [ 1 59  0  7  0  5  6  0  1  0]
 [ 0  0 47  0  0  1  5  0  0  1]
 [ 0  9  0 26  1  2  1  5  0  0]
 [ 1  1  0  1 44  1  0  3  8  5]
 [ 0  7  8  2  0 56  7  1  0  0]
 [ 0  9  7  9  0 14 38  1  0  0]
 [ 0  0  0  2  4  2  0 40  7  6]
 [ 1  3  0  4  4  2  1  2 58  5]
 [ 3  0  1  0  3  0  0  6  2 46]]
tol: 1e-05
k: 300

Accuracy = 67.33436055469953
Time taken = 0.8049061298370361 sec
Confusion matrix :
[[39  0  1  0  1  2  0  0  2  2]
 [ 0 47  0  3  0  6  9  0  0  0]
 [ 0  0 58  0  0  4  8  0  0  0]
 [ 0 13  0 35  0  0  0  2  2  1]
 [ 1  0  0  3 33  1  1  4  8  5]
 [ 2  8  3  3  0 43 13  0  1  0]
 [ 0 15  5  4  1 14 43  1  1  0]
 [ 0  0  0  1  2  3  1 47  1  4]
 [ 0  2  1  8  8  1  0  8 46  2]
 [ 1  1  1  0  5  2  0  7  3 46]]
tol: 1e-05
k: 400

Accuracy = 68.7211093990755
Time taken = 0.9687919616699219 sec
Confusion matrix :
[[42  0  0  0  0  0  0  1  0  0]
 [ 0 57  1  6  0  5  9  0  1  0]
 [ 0  0 59  0  0  3  6  1  0  2]
 [ 1 10  0 37  0  0  1  0  1  0]
 [ 0  0  0  4 30  1  1  9  7  6]
 [ 1 11  5  0  0 55 11  2  2  0]
 [ 0  8  8  2  0  5 49  0  0  0]
 [ 0  0  1  0  2  2  2 35  4  5]
 [ 2  4  0  4  6  2  1  4 36  4]
 [ 3  0  1  0 11  2  0  8  4 46]]
tol: 1e-05
k: 500

Accuracy = 69.18335901386749
Time taken = 1.180912733078003 sec
Confusion matrix :
[[47  0  0  0  1  1  0  0  2  2]
 [ 0 56  0  5  0  3  7  0  3  0]
 [ 0  0 55  0  0  1  5  0  0  0]
 [ 0  8  0 31  2  1  3  1  3  0]
 [ 1  1  0  2 32  0  0  5  4  3]
 [ 0  8  5  1  1 48 11  1  0  0]
 [ 1 16  7  6  0 16 43  0  0  0]
 [ 0  0  0  1  7  0  3 48  3  3]
 [ 1  2  0  1  9  0  6  5 52  1]
 [ 1  1  1  0  9  1  0  7  1 37]]
tol: 1e-05
k: 600

Accuracy = 69.02927580893683
Time taken = 2.16676926612854 sec
Confusion matrix :
[[48  0  1  0  0  1  0  0  0  3]
 [ 0 47  0  4  0  5  5  0  0  0]
 [ 0  0 65  0  0  4  3  0  0  2]
 [ 0 13  0 31  0  1  3  5  3  0]
 [ 1  0  0  3 36  0  0  6  6  8]
 [ 2  9  0  0  0 49  6  2  0  0]
 [ 0 14  5  2  0 13 45  0  1  0]
 [ 0  0  0  4  3  3  1 35  7  5]
 [ 2  4  0  2  8  0  2  8 52  3]
 [ 4  0  0  1  3  0  0  7  3 40]]
tol: 1e-05
k: 700

Accuracy = 70.87827426810478
Time taken = 1.6358606815338135 sec
Confusion matrix :
[[40  0  1  0  0  1  0  0  1  2]
 [ 0 48  0  5  0  4  5  1  1  0]
 [ 0  0 52  0  0  4 10  0  0  0]
 [ 0 11  0 32  0  2  0  0  3  1]
 [ 1  2  0  1 44  0  1  4  7  6]
 [ 1 12  2  0  0 60 11  1  0  0]
 [ 1  7  3  0  0  8 41  1  1  0]
 [ 0  0  0  4  4  0  2 36  8  8]
 [ 3  2  0  4  5  0  2  5 50  1]
 [ 1  0  0  0  5  1  0  9  3 57]]
tol: 1e-05
k: 800

Accuracy = 69.64560862865947
Time taken = 1.8958117961883545 sec
Confusion matrix :
[[45  0  1  0  0  0  0  0  0  1]
 [ 0 58  0  0  0  7  6  0  1  0]
 [ 1  0 55  0  0  4  1  0  0  0]
 [ 1 12  0 28  1  1  0  1  2  0]
 [ 0  0  0  5 36  0  0  6  8  4]
 [ 1  4  2  1  0 57  8  0  1  0]
 [ 0 16 11  4  0 19 38  3  0  1]
 [ 0  0  0  4  4  3  4 44  4  3]
 [ 0  2  0  2  9  1  3  1 49  4]
 [ 2  0  1  1  5  1  0  5  4 42]]
tol: 1e-05
k: 900

Accuracy = 70.72419106317412
Time taken = 2.1327030658721924 sec
Confusion matrix :
[[45  0  0  0  0  0  0  0  0  0]
 [ 0 53  1  4  0  7  3  0  0  0]
 [ 0  0 55  0  0  1  5  0  1  1]
 [ 0 11  0 35  1  1  0  5  1  0]
 [ 0  1  0  2 41  1  1  2 10  5]
 [ 0  8  1  0  0 54  9  0  0  0]
 [ 0 18  4  1  0 12 45  0  1  0]
 [ 0  0  0  2  7  3  2 39  3  9]
 [ 2  1  0  1  7  0  4  6 48  2]
 [ 4  0  0  1  5  0  0  8  5 44]]
tol: 1e-05
k: 1000

Accuracy = 69.9537750385208
Time taken = 2.523772716522217 sec
Confusion matrix :
[[53  0  0  0  0  0  0  0  0  2]
 [ 0 40  1  2  0  7  5  0  1  0]
 [ 1  0 64  0  0  4  3  0  0  0]
 [ 1 11  0 43  0  0  2  1  0  0]
 [ 0  1  0  2 36  1  2  5  3  7]
 [ 1  9  3  0  0 36  9  1  1  0]
 [ 2 20  5  3  0 16 40  0  1  0]
 [ 0  1  0  3  1  3  0 47  7  4]
 [ 2  2  1  6  6  0  2  4 49  3]
 [ 2  1  2  0  7  0  0  1  4 46]]
def Image_Classification_KNN(neighbors, vec, la