Accuracy = 56.70261941448382
Time taken = 0.3020789623260498 sec
Confusion matrix :
[[29  0  2  0  0  0  1  0  1  3]
 [ 0 77  1  1  0  1  1  1  0  0]
 [ 0  0 48  0  0  2  6  0  0  0]
 [ 0 33  0  6  1  1  0  2  0  0]
 [ 2  6  0  1 35  0  2  6  9  4]
 [ 3 27  6  1  0 34 13  1  0  0]
 [ 1 39  3  1  0  8 33  1  0  0]
 [ 0  6  0  3  3  0  5 28  5  2]
 [ 1 13  0  4  3  0  3  5 41  4]
 [ 2  2  1  0  8  1  0 12  7 37]]

Accuracy = 60.55469953775039
Time taken = 0.3196442127227783 sec
Confusion matrix :
[[39  0  0  0  1  2  1  1  1  1]
 [ 0 80  0  0  0  0  5  0  0  0]
 [ 0  0 58  0  0  5  5  0  0  0]
 [ 0 45  0  4  0  0  1  3  1  0]
 [ 1  5  0  3 42  0  0  2  4  3]
 [ 0 21  2  1  0 38 14  2  0  0]
 [ 0 33  4  1  0  3 33  2  0  0]
 [ 0  5  0  0  7  0  4 31  4  2]
 [ 2 10  0  6  6  2  4  5 32  2]
 [ 2  2  2  0  6  1  0  8  3 36]]

Accuracy = 58.55161787365177
Time taken = 0.33706116676330566 sec
Confusion matrix :
[[51  0  0  0  0  1  0  1  0  2]
 [ 1 56  1  1  0  3  5  0  0  0]
 [ 1  2 57  0  0  8  8  0  0  0]
 [ 0 38  0  6  0  0  1  0  1  0]
 [ 0  9  0  1 37  0  1  6  4  2]
 [ 1 19  3  2  0 34 22  0  0  0]
 [ 0 25  5  0  0  5 37  0  0  0]
 [ 1  8  0  2  3  1  6 29  6  3]
 [ 2  7  0 10  9  1  4  7 38  2]
 [ 2  2  0  0  5  0  0  7  2 35]]

Accuracy = 59.01386748844376
Time taken = 0.3028743267059326 sec
Confusion matrix :
[[43  0  1  0  0  0  1  0  0  2]
 [ 0 71  0  0  0  1  1  0  1  0]
 [ 0  4 48  0  0  0  4  0  0  1]
 [ 0 44  0  3  1  0  0  0  1  0]
 [ 1 11  1  3 32  0  1  5  7  3]
 [ 1 25  1  1  0 31 14  1  0  0]
 [ 0 37  4  1  0  2 40  2  1  0]
 [ 0  9  0  1  4  1  2 35  3  3]
 [ 1  5  0  3 14  0  3  3 32  2]
 [ 2  1  1  1  9  0  0 11  3 48]]

Accuracy = 56.08628659476117
Time taken = 0.3321647644042969 sec
Confusion matrix :
[[47  0  2  0  1  0  0  1  1  0]
 [ 0 65  0  0  0  1  3  1  1  0]
 [ 0  0 51  0  0  3  5  0  0  0]
 [ 0 41  0  3  0  0  1  1  2  0]
 [ 0  7  0  2 25  0  0  5  8  4]
 [ 0 29  5  0  0 30 17  3  0  0]
 [ 1 36  2  2  0  7 36  1  1  0]
 [ 0 11  0  2  4  0  7 34  3  2]
 [ 0 10  0  5  9  1  3  8 32  6]
 [ 3  2  1  0  3  1  0  8  2 41]]

Accuracy = 57.31895223420646
Time taken = 0.28615427017211914 sec
Confusion matrix :
[[42  0  0  0  0  0  1  1  0  0]
 [ 0 61  1  2  0  0  5  1  0  0]
 [ 0  0 44  0  0  6  8  1  0  0]
 [ 0 43  0 10  1  0  0  2  2  0]
 [ 0  7  0  2 36  0  1  3  7  6]
 [ 0 24  1  1  1 39  9  0  0  0]
 [ 0 43  5  1  0  7 36  0  1  0]
 [ 0  6  0  2  3  2  7 30  6  5]
 [ 3 12  0  4  5  0  3  4 33  3]
 [ 2  2  0  0  6  1  0  6  2 41]]

Accuracy = 56.548536209553156
Time taken = 0.33078432083129883 sec
Confusion matrix :
[[40  0  1  0  0  1  2  0  2  1]
 [ 0 59  1  0  0  1  4  1  0  0]
 [ 0  1 54  0  0  5  1  1  0  1]
 [ 0 44  0  4  4  0  1  3  0  0]
 [ 0  5  0  1 34  0  1  4  5  2]
 [ 2 21  5  1  0 33 19  0  0  0]
 [ 0 39  6  0  0  7 39  0  0  0]
 [ 0  9  0  1  4  1  8 34  5  2]
 [ 1 10  0  1 12  0  5  2 34  4]
 [ 1  2  3  0  7  1  1  9  0 36]]

Accuracy = 58.39753466872111
Time taken = 0.31314730644226074 sec
Confusion matrix :
[[48  0  1  0  0  0  2  1  2  1]
 [ 0 67  0  0  0  0  7  0  1  0]
 [ 1  1 58  0  0  5  4  1  0  0]
 [ 0 39  0  3  1  1  2  1  1  0]
 [ 1  5  0  3 27  0  1  5  7  8]
 [ 1 24  3  1  0 24 21  0  0  0]
 [ 0 35  2  1  0  4 34  1  1  0]
 [ 0  6  0  1  5  0  6 37  2  2]
 [ 0  9  0  4  6  1  3  3 40  3]
 [ 0  4  4  1  5  2  1  5  1 41]]

Accuracy = 57.31895223420646
Time taken = 0.3303086757659912 sec
Confusion matrix :
[[45  0  0  0  1  1  2  0  0  0]
 [ 0 62  1  0  0  0  6  0  0  0]
 [ 1  0 58  0  0  4  5  0  0  0]
 [ 0 42  0  6  1  0  1  1  0  0]
 [ 0  7  0  3 31  0  3  8  7  4]
 [ 0 27  2  0  0 35 13  1  2  0]
 [ 0 42  4  0  0  4 21  0  2  0]
 [ 0  7  0  0  2  0  3 34  3  8]
 [ 0 14  0  4  6  1  6  4 32  4]
 [ 1  2  1  1  3  2  0 10  0 48]]

Accuracy = 57.93528505392912
Time taken = 0.33605003356933594 sec
Confusion matrix :
[[47  0  1  1  0  0  0  0  0  2]
 [ 0 69  0  0  0  0  4  0  0  0]
 [ 0  0 53  0  0  6  5  1  0  0]
 [ 0 42  0  4  1  0  0  0  1  0]
 [ 3  9  0  2 30  0  2  7  8  2]
 [ 1 32  1  0  0 25 10  1  0  0]
 [ 1 42  2  0  0  8 36  0  0  0]
 [ 0  4  0  1  3  1  6 34  4  4]
 [ 1 11  1  1  6  1  5  6 37  5]
 [ 2  0  3  0  6  0  0  6  1 41]]