
Accuracy = 32.66563944530046
Time taken = 0.47861504554748535 sec
Confusion matrix :
[[16  0  0  9  3 11  4  5  1  0]
 [ 0 42  1  1  0  2  4  2 16  1]
 [ 1  0 28  3  3 17  9  5  1  5]
 [ 5 21  0 17  0  0  2  2 10  4]
 [ 2  2  0  1 12  0  3 14 11  7]
 [ 0  9  4  4  0 26  7  2  7 21]
 [ 1 13  5  1  0 11 16  0 12 14]
 [ 0  0  0  3  0  1  1 11 30 10]
 [ 6  3  1 19  2  1  2  6 23  5]
 [ 1  2  0 13  3  5  4 15  5 21]]

Accuracy = 22.496147919876734
Time taken = 0.4816324710845947 sec
Confusion matrix :
[[ 5  0  2 18  0  8  0  0  0 13]
 [ 2 22  0  6  1  2  5  1 14 20]
 [ 0  2 23  7  2  1  0  2  0 13]
 [ 2 17  0 11  1  1  2  0  6 11]
 [ 0  1  1 17 12  0  0  4  1 33]
 [ 1  4  2  6  0 18  3  1  0 36]
 [ 0  6  5  4  0  6 15  0  1 47]
 [ 1  0  1  5  2  2  1  3  0 44]
 [ 1  2  1 30  5  1  0  3 10 28]
 [ 0  2  6 22  3  5  0  0  0 27]]

Accuracy = 26.502311248073962
Time taken = 0.4800565242767334 sec
Confusion matrix :
[[ 6  0  0 22  0  7  0  0  1  9]
 [ 1 23  1  2  0  2  5  2 13 11]
 [ 0  4 48  9  1  2  2  5  0 11]
 [ 2 16  0  9  2  2  3  1  4 15]
 [ 0  2  0  9 18  0  0  2  2 27]
 [ 1  7  6  6  0 18  3  0  2 23]
 [ 0  7  5  2  0  8 19  1 10 37]
 [ 1  0  0  1  4  3  0  5  1 44]
 [ 2  1  2 17  3  3  1  1 15 31]
 [ 1  4 12 21  4  5  0  0  0 11]]

Accuracy = 28.35130970724191
Time taken = 0.46999263763427734 sec
Confusion matrix :
[[16  0  1  9  0  0  7  4  0  0]
 [ 6 35  0  4  1  6  7  1 13  0]
 [ 7  0 24  1  0  2 32  0  0  5]
 [ 9 21  0 17  1  2  0  0 10  3]
 [13  1  0  7 15  0  5  9  9  8]
 [24  9  1  0  0 18 18  0  2  4]
 [20 12  3  1  0  9 23  0  3  5]
 [29  1  0  1  2  0  3 12  2 14]
 [18  2  0 12  1  1  1 11 17  3]
 [16  0  0  9  0  1 16  6  1  7]]

Accuracy = 31.124807395993837
Time taken = 0.4625663757324219 sec
Confusion matrix :
[[10  0  2  3  0  3  0 22  0 11]
 [ 0 34  2  1  0  3  6  0  7 10]
 [ 0  0 27  0  0  0  1 28  0 10]
 [ 1 19  0 15  1  1  1  0 19  6]
 [ 0  2  0 10 17  0  0 13  1 16]
 [ 0  5  4  0  0 22  2 11  7 24]
 [ 0 11  3  3  0  9 22  2 10 26]
 [ 0  0  0  0  2  3  0 16  5 30]
 [ 1  1  0 18  4  0  0 10 18 18]
 [ 0  0  1  5  1  1  0 30  1 21]]

Accuracy = 30.970724191063177
Time taken = 0.47004103660583496 sec
Confusion matrix :
[[14  0  0 10  2  6  8  1  2  8]
 [ 0 38  1  4  0  3  5  0 30  0]
 [ 0  3 19  3  4 17  5  0  1  5]
 [ 0 12  0 14  1  1  1  0 19  1]
 [ 0  2  0  7 15  0  1 13 27  2]
 [ 0  5  5  3  0 25  5  0 11 23]
 [ 0  9 11  1  0  9 25  1 23 10]
 [ 0  1  0  2  1  0  0 11 29  6]
 [ 0  3  0 22  4  1  0  4 27  2]
 [ 0  2  1 13  9  2  7  9  9 13]]

Accuracy = 30.354391371340522
Time taken = 0.45929503440856934 sec
Confusion matrix :
[[13  0  4  1  0  0  0 22  1 10]
 [ 0 34  7  2  0  2  2  1 19  1]
 [ 0  0 37  0  0  5  0 21  0  0]
 [ 0 16  3 14  1  1  1  1 12  0]
 [ 0  3  8  5 16  0  1 13 11 16]
 [ 0  2 33  3  0 13  3 11  2  2]
 [ 0 16 39  0  0  4 16  4  4  3]
 [ 1  0 19  1  1  1  1 21  4 14]
 [ 2  0 15  5  2  1  1 12 23  9]
 [ 0  0 19  2  0  0  0 26  0 10]]

Accuracy = 31.741140215716484
Time taken = 0.4374079704284668 sec
Confusion matrix :
[[10  0  3  9  1  6 10  2  0 14]
 [ 0 35  1  3  0  3  0  1 13  4]
 [ 0  0 32  2  2  1  7  0  0 12]
 [ 3 15  0 14  0  1  3  2 13  3]
 [ 1  3  0 11 14  0  0 12  8 17]
 [ 2  6  5  3  0 27  4  2  3 22]
 [ 3 10 12  1  0 14 23  1 11 34]
 [ 0  0  0  1  1  0  1  7  6 32]
 [ 1  3  0 16  2  2  3  9 20 15]
 [ 0  2  2  5  0  1  8 14  0 24]]

Accuracy = 28.96764252696456
Time taken = 0.460829496383667 sec
Confusion matrix :
[[22  0  1  0  2  0  0 23  0  0]
 [ 2 35  0  1  0  1  1  1 13  0]
 [10  0 28  0  0  4  1 26  1  1]
 [ 5 21  0  9  0  0  0  2 12  0]
 [19  3  0  3  9  0  0 17 15  0]
 [32  5  1  3  0 21  0 11  2  2]
 [29 19  3  1  0  9 12  4 21  0]
 [26  0  0  0  0  1  0 15 13  2]
 [12  0  1 10  3  0  0 12 26  2]
 [17  0  1  1  0  0  0 30  3 11]]

Accuracy = 30.662557781201848
Time taken = 0.4797635078430176 sec
Confusion matrix :
[[26  1  0  6  3  6  6  1  0  0]
 [ 7 33  0  3  0  3  2  0 16  1]
 [ 4  1 30  4  3  1 11  0  0  5]
 [ 9 22  0 13  2  1  2  1 10  4]
 [11  2  0  5  9  0  0  7  4  7]
 [25  4  4  3  0 29  5  1  1  9]
 [18 12 10  1  0  6 19  2  7  7]
 [18  0  0  1  2  1  2 12  6 19]
 [25  6  1 16  2  1  2  9 15  5]
 [ 8  2  4  8  4  1  2 19  0 13]]